eunit=meV, punit=GPa

N=192, ZPE=70.78 meV per mode, F(300K)=74.64 meV per mode

-1.17,-0.42,-0.18,6.27,6.47,8.91,9.15,11.57,11.72 .. 391,391,391 meV

-1.17,-0.42,-0.18,6.27,6.47,8.91,9.15,11.57,11.72,12.49,13.54,14.49,15.01,15.32,15.80,16.28,18.38,20.22,22.08,23.83,28.54,28.62,30.21,31.36,31.64,31.75,36.88,37.06,43.68,44.11,45.16,45.26,51.36,52.28,52.93,53.06,55.35,55.64,56.77,56.83,57.29,57.57,64.55,64.82,65.38,65.55,65.79,65.86,66.94,67.45,68.33,68.56,71.90,71.95,76.65,76.65,77.20,77.81,79.88,80.06,80.44,80.87,92.02,93.67,94.21,94.39,94.73,94.89,94.97,95.10,95.56,96.48,97.33,97.42,97.84,97.85,100.39,100.68,101.38,101.45,104.95,104.96,109.48,109.80,110.03,111.61,111.88,112.05,112.09,112.29,116.46,116.57,118.77,119.05,119.28,119.46,120.51,120.56,120.69,120.88,121.53,121.55,129.38,129.49,131.46,131.82,134.72,135.31,136.43,136.90,139.55,139.66,140.90,141.94,142.20,142.47,146.70,147.05,147.18,147.27,147.62,147.66,149.68,149.72,151.26,151.45,152.24,152.64,160.45,160.48,160.55,160.59,166.85,166.96,168.77,169.02,169.71,169.81,169.82,169.94,170.85,170.95,171.44,171.51,177.69,178.03,178.32,178.33,179.31,179.34,182.01,182.13,185.39,185.56,188.36,188.41,193.05,193.10,196.13,196.21,196.25,196.27,196.44,196.52,198.11,198.14,199.60,199.63,385.56,385.60,385.63,385.63,387.12,387.28,387.37,387.43,387.44,387.49,387.64,387.67,388.88,388.89,388.91,388.95,389.90,389.92,389.93,390.00,390.82,390.89,390.89,390.91

 XX  27.688
 YY   3.788  11.230
 ZZ   5.399   9.990  13.813
 XY   0.000   0.000   0.000   3.750
 YZ   0.000  -0.000  -0.000  -3.123  14.034
 ZX   4.794  -2.273   1.423   0.000   0.000   6.229
       XX      YY      ZZ      XY      YZ      ZX

      0.963   2.876   6.404  14.908  18.853  32.740
 XX   0.075   0.000  -0.238   0.000  -0.493  -0.833
 YY  -0.668   0.000  -0.302   0.000   0.597  -0.327
 ZZ   0.543  -0.000   0.423   0.000   0.590  -0.421
 XY   0.000   0.963  -0.000  -0.269   0.000  -0.000
 YZ   0.000   0.269   0.000   0.963   0.000   0.000
 ZX  -0.503   0.000   0.821  -0.000  -0.228  -0.145

false pressure=-0.305, external pressure by components:
     -3.592  -2.694  -1.860  -0.294  -0.286  -1.001
      3.300   2.258   1.334  -0.294  -0.286   0.420
